978.0 1305.0 1294.0 1247.0 1240.0 1240.0 1240.0 1240.0 1184.0 1199.0 1156.0 1102.0 1047.0 1059.0 1060.0 1142.0 1266.0 1207.0 1189.0 1191.0 1247.0 1240.0 1240.0 1240.0 1240.0 1240.0 1240.0 1238.0
1239.0 1267.0 1275.0 1247.0 1240.0 1240.0 1240.0 1184.0 1086.0 842.0 1095.0 1067.0 1044.0 1057.0 1068.0 1145.0 1202.0 1108.0 835.0 1141.0 1212.0 1247.0 1240.0 1184.0 1191.0 1191.0 1247.0 1240.0
1247.0 1254.0 1247.0 1240.0 1240.0 1240.0 1184.0 1086.0 745.0 823.0 871.0 1049.0 1055.0 1027.0 1039.0 1058.0 1103.0 754.0 783.0 895.0 1218.0 1261.0 1184.0 1086.0 835.0 1141.0 1212.0 1247.0
1240.0 1240.0 1240.0 1240.0 1240.0 1240.0 1191.0 835.0 832.0 871.0 1127.0 1064.0 1027.0 973.0 831.0 1037.0 816.0 800.0 746.0 866.0 1175.0 1169.0 1093.0 745.0 840.0 944.0 1267.0 1254.0
1240.0 1240.0 1240.0 1240.0 1240.0 1240.0 1191.0 1149.0 936.0 1205.0 1133.0 1039.0 968.0 762.0 848.0 911.0 1125.0 817.0 767.0 893.0 977.0 1224.0 849.0 840.0 900.0 1263.0 1267.0 1254.0
1240.0 1240.0 1240.0 1240.0 1240.0 1240.0 1247.0 1211.0 1251.0 1166.0 1073.0 1021.0 816.0 819.0 875.0 1227.0 1104.0 816.0 763.0 893.0 1229.0 1224.0 1155.0 944.0 1263.0 1294.0 1275.0 1247.0
1240.0 1240.0 1240.0 1240.0 1240.0 1240.0 1240.0 1239.0 1201.0 1101.0 1042.0 1025.0 1005.0 890.0 1107.0 1082.0 955.0 768.0 822.0 990.0 1292.0 1295.0 1219.0 1267.0 1267.0 1275.0 1247.0 1240.0
1240.0 1240.0 1240.0 1240.0 1240.0 1240.0 1240.0 1233.0 1153.0 1049.0 1045.0 1061.0 1044.0 1076.0 1080.0 1049.0 813.0 819.0 901.0 1264.0 1284.0 1261.0 1247.0 1254.0 1254.0 1247.0 1240.0 1240.0
1240.0 1240.0 1240.0 1240.0 1240.0 1240.0 1240.0 1209.0 1129.0 1033.0 1049.0 1059.0 1064.0 1068.0 1075.0 1041.0 1003.0 890.0 1113.0 1211.0 1220.0 1208.0 1222.0 1243.0 1240.0 1240.0 1240.0 1240.0
1240.0 1240.0 1240.0 1240.0 1240.0 1240.0 1240.0 1172.0 1053.0 1044.0 1023.0 1032.0 1032.0 1064.0 1059.0 1070.0 1050.0 1075.0 1095.0 1101.0 1060.0 1085.0 1226.0 1249.0 1240.0 1240.0 1240.0 1240.0
1240.0 1240.0 1240.0 1240.0 1240.0 1240.0 1240.0 1185.0 1092.0 1053.0 980.0 814.0 1005.0 1044.0 1064.0 1059.0 1062.0 1067.0 1073.0 1062.0 1047.0 1091.0 1213.0 1241.0 1242.0 1184.0 1191.0 1191.0
1240.0 1240.0 1240.0 1240.0 1240.0 1240.0 1240.0 1224.0 1171.0 1047.0 753.0 814.0 882.0 1077.0 1068.0 1060.0 1060.0 1060.0 1059.0 1066.0 1066.0 1085.0 1081.0 1202.0 1148.0 1100.0 834.0 1141.0
1240.0 1240.0 1240.0 1240.0 1240.0 1240.0 1240.0 1243.0 1200.0 845.0 820.0 849.0 1079.0 1077.0 1068.0 1060.0 1060.0 1060.0 1060.0 1059.0 1058.0 1031.0 988.0 851.0 1058.0 762.0 839.0 944.0
1240.0 1240.0 1240.0 1240.0 1240.0 1240.0 1240.0 1240.0 1143.0 1036.0 772.0 1013.0 1070.0 1092.0 1071.0 1067.0 1067.0 1059.0 1060.0 1060.0 1028.0 971.0 755.0 844.0 788.0 858.0 902.0 1263.0
1240.0 1240.0 1240.0 1240.0 1240.0 1240.0 1240.0 1184.0 1092.0 757.0 847.0 944.0 1180.0 1123.0 1098.0 1100.0 1076.0 1072.0 1058.0 1060.0 1032.0 816.0 818.0 874.0 1095.0 969.0 1276.0 1293.0
1240.0 1240.0 1240.0 1184.0 1191.0 1191.0 1247.0 1191.0 835.0 841.0 905.0 1211.0 1216.0 1194.0 1193.0 1155.0 1139.0 1066.0 1063.0 1059.0 1032.0 1005.0 882.0 1092.0 1158.0 1279.0 1274.0 1274.0
1184.0 1191.0 1135.0 1093.0 835.0 1141.0 1212.0 1198.0 1141.0 944.0 1215.0 1148.0 874.0 1104.0 1170.0 1203.0 1150.0 1058.0 1020.0 1071.0 1055.0 1045.0 1077.0 1083.0 1164.0 1235.0 1260.0 1248.0
1079.0 835.0 1044.0 765.0 840.0 944.0 1267.0 1261.0 1212.0 1211.0 1120.0 777.0 790.0 798.0 863.0 1105.0 1049.0 817.0 1031.0 1046.0 1063.0 1065.0 1068.0 1075.0 1114.0 1197.0 1247.0 1243.0
717.0 840.0 797.0 817.0 795.0 1117.0 1127.0 1162.0 1205.0 1212.0 848.0 790.0 746.0 767.0 810.0 812.0 774.0 833.0 890.0 1116.0 1061.0 1028.0 1000.0 971.0 991.0 1118.0 1217.0 1250.0
853.0 900.0 1179.0 928.0 963.0 985.0 979.0 945.0 1141.0 1059.0 1001.0 755.0 774.0 795.0 788.0 774.0 767.0 804.0 1038.0 993.0 976.0 980.0 852.0 877.0 902.0 981.0 1259.0 1256.0
957.0 1263.0 1251.0 1238.0 1210.0 1210.0 1196.0 1189.0 946.0 952.0 860.0 825.0 774.0 851.0 844.0 900.0 893.0 984.0 952.0 924.0 854.0 852.0 1006.0 1038.0 1047.0 1189.0 1259.0 1256.0
1183.0 1218.0 1233.0 1275.0 1275.0 1282.0 1282.0 1226.0 1148.0 1141.0 1049.0 818.0 767.0 900.0 1151.0 998.0 1229.0 1245.0 1192.0 1049.0 938.0 820.0 1022.0 1072.0 1118.0 1208.0 1267.0 1251.0
1086.0 849.0 1148.0 1212.0 1247.0 1240.0 1240.0 1191.0 1107.0 869.0 1035.0 797.0 767.0 893.0 1159.0 1258.0 1280.0 1294.0 1204.0 1036.0 776.0 835.0 894.0 1081.0 1096.0 1185.0 1253.0 1246.0
717.0 840.0 944.0 1267.0 1254.0 1240.0 1184.0 1086.0 745.0 784.0 755.0 782.0 774.0 893.0 984.0 1287.0 1268.0 1247.0 1170.0 831.0 808.0 851.0 1079.0 1077.0 1088.0 1186.0 1253.0 1246.0
797.0 907.0 1263.0 1211.0 1205.0 1191.0 1198.0 835.0 840.0 795.0 879.0 823.0 893.0 935.0 1270.0 1267.0 1254.0 1232.0 1155.0 1016.0 867.0 1076.0 1093.0 1080.0 1093.0 1130.0 1204.0 1197.0
893.0 1242.0 1244.0 1121.0 842.0 1141.0 1163.0 1148.0 944.0 1173.0 991.0 1180.0 991.0 1270.0 1294.0 1275.0 1247.0 1225.0 1111.0 1028.0 1061.0 1076.0 1048.0 1036.0 1012.0 1050.0 854.0 1154.0
949.0 1194.0 1140.0 752.0 840.0 944.0 1274.0 1226.0 1267.0 1224.0 1287.0 1224.0 1287.0 1267.0 1275.0 1247.0 1240.0 1210.0 1072.0 1013.0 1033.0 1040.0 976.0 816.0 951.0 773.0 848.0 947.0
942.0 1187.0 875.0 840.0 900.0 1263.0 1267.0 1261.0 1254.0 1261.0 1261.0 1261.0 1261.0 1254.0 1247.0 1240.0 1240.0 1172.0 1005.0 800.0 969.0 956.0 764.0 834.0 807.0 865.0 914.0 1265.0
