1137.0 1464.0 1453.0 1495.0 1488.0 1488.0 1488.0 1488.0 1432.0 1447.0 1404.0 1352.0 1274.0 1270.0 1272.0 1354.0 1476.0 1429.0 1440.0 1439.0 1495.0 1488.0 1488.0 1488.0 1488.0 1488.0 1488.0 1486.0
1487.0 1460.0 1502.0 1488.0 1488.0 1488.0 1488.0 1432.0 1334.0 1083.0 1337.0 1304.0 1271.0 1271.0 1280.0 1357.0 1424.0 1348.0 1075.0 1382.0 1453.0 1495.0 1488.0 1432.0 1439.0 1439.0 1495.0 1488.0
1495.0 1495.0 1488.0 1488.0 1488.0 1488.0 1432.0 1334.0 986.0 1050.0 1065.0 1270.0 1274.0 1240.0 1251.0 1271.0 1327.0 990.0 1011.0 1088.0 1445.0 1502.0 1432.0 1334.0 1076.0 1382.0 1453.0 1495.0
1488.0 1488.0 1488.0 1488.0 1488.0 1488.0 1439.0 1076.0 1059.0 1051.0 1305.0 1247.0 1236.0 1185.0 1039.0 1246.0 1029.0 1022.0 926.0 1039.0 1361.0 1403.0 1341.0 986.0 1067.0 1137.0 1494.0 1495.0
1488.0 1488.0 1488.0 1488.0 1488.0 1488.0 1439.0 1390.0 1129.0 1384.0 1309.0 1247.0 1176.0 969.0 1048.0 1092.0 1330.0 999.0 940.0 1052.0 1150.0 1445.0 1083.0 1067.0 1080.0 1443.0 1460.0 1495.0
1488.0 1488.0 1488.0 1488.0 1488.0 1488.0 1495.0 1452.0 1479.0 1358.0 1292.0 1238.0 1025.0 1018.0 1046.0 1402.0 1288.0 1028.0 936.0 1052.0 1402.0 1417.0 1389.0 1137.0 1443.0 1474.0 1502.0 1488.0
1488.0 1488.0 1488.0 1488.0 1488.0 1488.0 1488.0 1487.0 1442.0 1340.0 1269.0 1242.0 1213.0 1069.0 1278.0 1256.0 1175.0 983.0 999.0 1149.0 1465.0 1516.0 1453.0 1494.0 1460.0 1502.0 1488.0 1488.0
1488.0 1488.0 1488.0 1488.0 1488.0 1488.0 1488.0 1481.0 1400.0 1290.0 1271.0 1275.0 1252.0 1276.0 1260.0 1253.0 1023.0 1019.0 1071.0 1430.0 1470.0 1495.0 1495.0 1495.0 1495.0 1488.0 1488.0 1488.0
1488.0 1488.0 1488.0 1488.0 1488.0 1488.0 1488.0 1457.0 1376.0 1269.0 1268.0 1272.0 1276.0 1276.0 1283.0 1250.0 1212.0 1069.0 1284.0 1387.0 1444.0 1449.0 1470.0 1491.0 1488.0 1488.0 1488.0 1488.0
1488.0 1488.0 1488.0 1488.0 1488.0 1488.0 1488.0 1420.0 1297.0 1276.0 1238.0 1244.0 1244.0 1276.0 1271.0 1283.0 1259.0 1275.0 1275.0 1306.0 1287.0 1324.0 1468.0 1494.0 1488.0 1488.0 1488.0 1488.0
1488.0 1488.0 1488.0 1488.0 1488.0 1488.0 1488.0 1433.0 1331.0 1274.0 1194.0 1022.0 1213.0 1252.0 1276.0 1271.0 1275.0 1276.0 1281.0 1273.0 1265.0 1309.0 1436.0 1483.0 1490.0 1432.0 1439.0 1439.0
1488.0 1488.0 1488.0 1488.0 1488.0 1488.0 1488.0 1472.0 1411.0 1271.0 967.0 1016.0 1061.0 1277.0 1276.0 1272.0 1272.0 1272.0 1271.0 1279.0 1279.0 1297.0 1299.0 1439.0 1394.0 1348.0 1075.0 1382.0
1488.0 1488.0 1488.0 1488.0 1488.0 1488.0 1488.0 1491.0 1445.0 1080.0 1035.0 1022.0 1250.0 1256.0 1276.0 1272.0 1272.0 1272.0 1272.0 1271.0 1271.0 1244.0 1204.0 1070.0 1296.0 997.0 1067.0 1137.0
1488.0 1488.0 1488.0 1488.0 1488.0 1488.0 1488.0 1488.0 1391.0 1277.0 964.0 1188.0 1241.0 1292.0 1279.0 1279.0 1279.0 1271.0 1272.0 1272.0 1240.0 1183.0 964.0 1048.0 977.0 1073.0 1082.0 1443.0
1488.0 1488.0 1488.0 1488.0 1488.0 1488.0 1488.0 1432.0 1340.0 992.0 1060.0 1113.0 1371.0 1327.0 1311.0 1313.0 1289.0 1285.0 1270.0 1272.0 1244.0 1024.0 1018.0 1045.0 1271.0 1140.0 1454.0 1473.0
1488.0 1488.0 1488.0 1432.0 1439.0 1439.0 1495.0 1439.0 1076.0 1068.0 1084.0 1387.0 1401.0 1414.0 1413.0 1373.0 1357.0 1281.0 1277.0 1271.0 1244.0 1213.0 1061.0 1263.0 1332.0 1481.0 1464.0 1502.0
1432.0 1439.0 1383.0 1341.0 1076.0 1382.0 1453.0 1446.0 1382.0 1137.0 1395.0 1328.0 1093.0 1334.0 1403.0 1436.0 1378.0 1283.0 1235.0 1284.0 1267.0 1253.0 1277.0 1262.0 1366.0 1452.0 1496.0 1489.0
1327.0 1076.0 1285.0 999.0 1067.0 1137.0 1494.0 1502.0 1453.0 1438.0 1313.0 998.0 1011.0 991.0 1083.0 1337.0 1286.0 1047.0 1247.0 1254.0 1276.0 1276.0 1276.0 1283.0 1323.0 1421.0 1486.0 1490.0
965.0 1067.0 990.0 1031.0 975.0 1297.0 1320.0 1403.0 1453.0 1453.0 1082.0 1011.0 926.0 940.0 983.0 998.0 994.0 1050.0 1075.0 1321.0 1270.0 1240.0 1212.0 1183.0 1204.0 1338.0 1452.0 1496.0
1101.0 1080.0 1359.0 1101.0 1136.0 1151.0 1186.0 1166.0 1375.0 1300.0 1242.0 948.0 947.0 954.0 947.0 940.0 940.0 977.0 1214.0 1175.0 1190.0 1192.0 1060.0 1081.0 1102.0 1184.0 1481.0 1496.0
1116.0 1443.0 1431.0 1452.0 1396.0 1396.0 1389.0 1389.0 1146.0 1179.0 1081.0 1032.0 940.0 1010.0 1003.0 1059.0 1052.0 1143.0 1116.0 1119.0 1052.0 1052.0 1206.0 1221.0 1230.0 1375.0 1458.0 1496.0
1431.0 1411.0 1460.0 1509.0 1509.0 1509.0 1509.0 1453.0 1375.0 1341.0 1249.0 1004.0 940.0 1059.0 1317.0 1164.0 1402.0 1418.0 1377.0 1236.0 1126.0 1000.0 1201.0 1268.0 1318.0 1410.0 1489.0 1491.0
1334.0 1083.0 1382.0 1453.0 1495.0 1488.0 1488.0 1439.0 1348.0 1096.0 1256.0 1004.0 940.0 1052.0 1332.0 1465.0 1473.0 1515.0 1432.0 1260.0 982.0 1024.0 1065.0 1277.0 1304.0 1401.0 1484.0 1491.0
965.0 1067.0 1137.0 1494.0 1495.0 1488.0 1432.0 1334.0 986.0 1011.0 948.0 989.0 947.0 1052.0 1157.0 1501.0 1502.0 1488.0 1418.0 1069.0 1021.0 1024.0 1250.0 1256.0 1296.0 1402.0 1484.0 1491.0
1045.0 1087.0 1443.0 1404.0 1446.0 1439.0 1446.0 1076.0 1067.0 975.0 1052.0 989.0 1059.0 1094.0 1443.0 1460.0 1495.0 1480.0 1403.0 1254.0 1057.0 1249.0 1264.0 1280.0 1301.0 1345.0 1435.0 1442.0
1052.0 1415.0 1424.0 1348.0 1076.0 1382.0 1404.0 1389.0 1137.0 1353.0 1157.0 1353.0 1157.0 1443.0 1474.0 1502.0 1488.0 1473.0 1358.0 1264.0 1271.0 1256.0 1248.0 1244.0 1224.0 1266.0 1078.0 1392.0
1108.0 1367.0 1361.0 986.0 1067.0 1137.0 1501.0 1460.0 1494.0 1417.0 1501.0 1417.0 1501.0 1460.0 1502.0 1488.0 1488.0 1458.0 1318.0 1243.0 1246.0 1248.0 1184.0 1024.0 1159.0 979.0 1060.0 1138.0
1101.0 1367.0 1096.0 1067.0 1080.0 1443.0 1460.0 1502.0 1495.0 1502.0 1495.0 1502.0 1495.0 1495.0 1488.0 1488.0 1488.0 1420.0 1249.0 1024.0 1179.0 1164.0 972.0 1034.0 986.0 1058.0 1087.0 1443.0
