# id:7-14-7
0.6,-0.93,-0.43582198492392
0.37,-0.07,-0.038545122933635
0.99,-0.01,1.8859438882606
-0.34,-0.61,-0.14658548691552
0.91,-0.04,1.7082959619789
0.54,0.11,1.1128200537508
0.85,-0.43,0.83878440856525
0.58,0.14,0.73991015719077
-0.7,0.78,1.5621932022067
-0.87,-0.97,0.69436792109258
1,0.5,2.8111670147511
-0.44,0.6,0.96726928664483
-0.58,-0.16,0.32058121517981
-0.47,-0.77,-0.086399983652448
-0.46,0.48,0.87849291699384
0.61,-0.66,0.34185921159098
0.97,0.01,1.7899571039922
-0.64,-0.09,0.6162744363576
-0.06,-0.31,-0.32585924852455
0.02,0.98,0.72281050276297
0.54,-0.37,0.45764630466882
-0.39,-0.17,0.2889113522305
-0.23,-0.52,-0.16330296562642
-0.7,0.77,1.3974972755932
-0.91,-0.26,1.5973812439397
0.73,-0.46,0.59600923220104
-0.29,-0.84,-0.64843027559635
-0.27,-0.3,-0.26244011084255
0.28,-0.14,-0.044806575146326
-0.89,-0.38,1.3014759961099
0.36,-0.23,0.14205857874208
-0.94,-0.49,1.4672922943475
-0.02,0.42,0.69051332427019
0.37,-0.99,-0.99760924200957
-0.64,-0.37,0.54689784913315
0.96,-0.23,1.7019943231305
-0.16,0.64,0.53746133105962
0.52,-0.15,0.64775259560269
-0.51,0.83,1.3398541937521
0.28,-0.1,0.393148692561
0.57,-0.83,-0.1540371904095
-0.1,0.35,0.38420431685435
0.89,-0.08,1.3274161631366
0.85,-0.69,0.71421402632011
-0.32,0.84,0.8195489133597
0.86,-0.63,0.69616837839802
-0.64,-0.11,1.0274599342812
0.17,-0.82,-0.64094791351778
0.62,0.91,1.9503079699196
0.68,0.36,1.3919695419714
-0.56,0.02,0.66213744899508
0.11,0.25,0.25807088330154
-0.06,-0.24,-0.10482738220278
0.37,0.26,0.27185219496784
0.43,-0.11,0.17043868220351
-0.75,0.09,1.4541634432792
0.08,0.36,0.21125674692915
0.43,-0.03,0.6570700993759
0.3,-0.67,-0.71661091161541
-0.1,0.8,0.68414669916988
0.73,0.54,1.598315827948
0.06,-0.15,-0.02277484563589
-0.81,-0.5,0.67430591456826
-0.48,-0.39,0.38884687899888
0.01,0.4,0.34114082783529
-0.76,-0.73,0.40028309360513
0.93,-0.05,1.7047077777796
0.76,0.54,1.8183404285874
-0.28,0.69,0.89831936835826
-0.36,-0.18,-0.10047480028835
0.02,-0.76,-0.64159755985831
-0.79,-0.54,0.7695748730892
-0.69,-0.5,0.25644997343853
0.54,-0.59,-0.27899668202241
-0.17,-0.11,-0.0079600660050744
0.14,0.69,0.83848987972626
0.85,-0.89,0.11576636628981
0.11,-0.34,-0.75066472005877
0.98,-0.34,1.6170242043272
0.58,0.5,1.1813341979052
-0.75,-0.29,0.69181472364169
-0.5,0.4,0.94852426787308
0.49,-0.04,0.48133956857775
-0.3,0.62,1.0072790485722
0.9,-0.09,1.6699157833506
-0.82,-0.61,0.96213478552628
0.15,-0.25,-0.30909530873559
0.74,0.6,1.7798161882531
0.43,-0.81,-0.14428686524587
0.65,-0.58,0.6351233076675
-0.81,-0.96,0.69521785131243
0.36,0.07,0.25887694708726
-0.77,0.42,1.5498724686698
0.58,0.27,0.79134823067644
-0.17,0.59,0.77418454092801
0.73,-0.42,0.57011337423136
0.18,-0.74,-0.63781381215917
0.97,-0.41,1.7335256362934
0.68,-0.93,-0.043403888501487
-0.05,0.86,0.92501330987359
0.82,-0.62,1.0295071977859
-0.2,-0.01,-0.031599522683154
1,-0.84,1.34173160108
0.55,-0.69,0.19151753386186
0.4,0.56,0.73837739827099
-0.09,-0.96,-0.84920209500543
-0.29,-0.2,-0.0019258135846229
-0.07,0.94,0.89148417938318
-0.85,0.34,1.8937169363839
-0.04,-0.64,-0.69782158789187
-0.94,-0.91,0.45993833994877
-0.24,-0.34,-0.38740216490155
0.58,0.59,1.430037885177
0.06,-0.73,-0.74884600746657
0.03,0.97,0.97781537584383
0.93,0.84,2.7589490804838
0.54,0.21,0.5570245124902
0.6,0,0.7501392440173
-0.28,0.23,0.33996074731109
0.81,0.27,1.216773838148
0.44,0.04,0.38431607831179
-0.71,-0.88,0.35833757473746
-0.1,-0.44,-0.46662544604454
0.55,-0.26,-0.047795021774099
-0.68,-0.94,-0.17412772359517
-0.74,-0.42,0.83890496430112
0.79,0.33,1.2951385277811
-0.34,-0.63,-0.28263010051924
0.43,0.35,0.65063292717352
0.19,0.76,0.91985924817654
0.32,-0.75,-0.41656179890125
-0.16,-0.91,-0.75094679666331
0.39,0.88,1.2116948976054
-0.96,-0.11,2.0045911347213
-0.36,0.2,0.63715693493027
0.92,-0.47,1.2096164029118
-0.55,0.68,1.2861209857082
0.15,0.94,0.96053164181091
-0.68,0.06,1.2485710629289
0.8,0.75,1.9880944112845
0.49,-0.24,0.29797561376716
-0.72,-0.87,0.097852875546964
1,-0.08,2.0329907623826
0.23,0.61,0.8205141215567
0.24,-0.98,-0.83272226125122
0.31,-0.07,-0.026881663558351
-0.91,0.56,2.3169926872597
0.57,-0.3,0.47817559705848
0.8,-0.21,0.87881597160064
0.67,-0.71,0.092458263427749
-0.26,-0.35,-0.12472426059631
-0.6,-0.88,0.053171145262366
0.27,-0.73,-0.56020815432343
0.88,-0.35,0.77815273317592
0.54,0.5,1.2572941878708
0.08,0.04,0.19861980302789
-0.78,0.45,1.6339102898633
-0.13,0.18,-0.091768381071254
0.33,-0.19,0.18199399455786
-0.92,-0.79,1.0309584139554
-0.85,-0.08,1.2188726770665
-0.23,-0.25,-0.20157649432114
0.41,-0.89,-0.46920421086032
0.21,-0.29,-0.036499700923232
-0.75,0.6,1.9172288359339
-0.24,0.17,0.2276499419734
0.81,0.43,1.7284321686004
0.78,0.34,1.6624123964802
0.88,0.4,2.0661395286552
0.81,-0.78,0.48940303933421
-0.68,0.15,0.68208602725334
0.93,1,2.7896471553718
-0.29,-0.6,-0.28803706315251
-0.56,-0.32,0.38792501891135
0.33,-0.42,-0.097033748708124
-0.6,0.46,0.8269793452454
0.98,-0.12,1.5703054059029
-0.67,-0.89,0.039515089107403
-0.6,-0.53,-0.056846970786033
-0.6,-0.37,0.55223990967501
-0.62,0.2,1.1571811564226
0.06,0.92,0.9835789065484
0.38,0.26,0.65034704414105
0.33,-0.01,0.41144546897056
0.15,0.36,0.53435323721291
-0.39,-0.84,-0.68130674922955
-0.3,-0.56,-0.17481881228827
-0.64,0.52,1.2567854852055
-0.98,-0.81,1.1286553005247
0.63,0.23,0.8096484569767
0.31,-0.88,-0.7020263432402
0.46,-0.16,0.09153810684875
-0.5,0.99,1.596550112676
-0.42,-0.07,0.33418682402379
-0.17,0.61,0.37673969190132
0.91,0.04,1.5907047252708
-0.41,0.7,0.72483585512442
-0.66,0.73,1.8230783543505
-0.42,0.94,1.4480911770234