# id:14-14-14-0
-0.23,0.9,1
0.46,-0.03,1
0.01,0.68,1
0.06,0.33,1
-0.52,0.11,1
-0.12,0.14,1
-0.23,0.64,1
-0.02,-0.8,-1
-0.5,-0.38,-1
0.71,0.43,1
0.08,0.93,1
0.65,-0.68,-1
-0.77,-0.1,1
-0.19,-0.23,-1
0.78,-0.61,-1
0.63,-0.65,-1
-0.05,-0.66,-1
-0.55,-0.08,1
0.92,0.42,1
-0.22,0.76,1
-0.35,-0.99,-1
0.81,-0.78,-1
0.04,-0.61,-1
-0.24,0.68,1
-0.19,0.63,1
-0.62,-0.2,1
-0.27,-0.7,-1
-0.84,0.14,1
-0.16,0.53,1
-0.07,-0.34,-1
-0.26,-0.31,-1
-0.66,-0.23,1
-0.79,0.83,1
-0.69,0.09,1
0.11,-0.54,-1
-0.67,0.7,1
-0.31,0.8,1
0.29,0.89,1
0.18,-0.67,-1
0.43,-0.82,-1
0.08,0.27,1
-0.18,-0.94,-1
0.35,-0.99,-1
0.38,0.27,1
-0.87,-0.29,1
-0.31,0.29,1
-0.6,0.59,1
0.9,0.57,1
0.56,-0.18,1
0.22,0.99,1
-0.65,-0.13,1
0.6,0.82,1
0.18,-0.67,-1
0.42,-0.46,-1
0.56,-0.17,1
-0.13,-0.06,-1
0.51,0.38,1
-0.21,-0.72,-1
0.25,-0.17,-1
-0.19,0.14,1
-0.83,-0.91,-1
-0.78,0.84,1
0.31,-0.85,-1
-0.42,0.4,1
-0.21,0.86,1
-0.15,-0.02,1
0.42,-0.85,-1
0.6,0.62,1
-0.39,-1,-1
-0.62,-0.09,1
0.08,0.4,1
0.95,-0.37,1
-0.19,-0.5,-1
0.63,0.12,1
0.64,-0.46,-1
0.42,0.03,1
0.49,-0.6,-1
-0.93,0.89,1
-0.5,-0.03,1
0.53,0.98,1
0.79,-0.9,-1
-0.54,0.44,1
-0.34,0.7,1
-0.84,0.3,1
-0.28,-0.13,1
0.38,0.98,1
-0.16,-0.19,-1
-0.82,-0.34,1
0.81,0.25,1
0.07,0.94,1
-0.81,-0.65,1
0.62,-0.85,-1
-0.4,-0.64,-1
0.07,0.59,1
0.48,0.65,1
0.19,-0.07,1
0.28,-0.18,-1
0.48,0.6,1
0.95,0.96,1
0.13,-0.36,-1
0.08,0.46,1
0.04,0.61,1
0.12,-0.79,-1
0.48,0.73,1
0.26,-0.47,-1
0.91,-0.01,1
-0.5,-0.81,-1
0.86,-0.1,1
-0.61,-0.39,1
0.69,-0.42,1
0.49,0.82,1
-0.34,-0.8,-1
0.72,-0.98,-1
-0.84,-0.29,1
-0.42,-0.44,-1
-0.13,0.28,1
0.68,-0.51,-1
0.27,0.36,1
-0.44,0.34,1
0.71,-0.76,-1
-0.97,0.68,1
-0.73,0.87,1
-0.41,0.36,1
-0.09,0.59,1
0.26,0.88,1
0.53,0.3,1
0.2,0.44,1
-0.06,-0.19,-1
-0.76,0.6,1
-0.19,-0.95,-1
-0.47,0.83,1
0.66,0.64,1
0.07,0.47,1
0.8,0.05,1
0.68,-0.93,-1
0.95,-0.3,1
-0.48,0.54,1
-0.58,-0.07,1
0.5,0.21,1
-0.83,-0.23,1
-0.88,0.2,1
-0.83,-0.44,1
0.25,0.88,1
0.09,-0.59,-1
-0.29,0.2,1
0.94,0.25,1
-0.33,-0.35,-1
0.69,0.9,1
0.77,-0.12,1
0.29,-0.94,-1
-0.92,-0.2,1
-0.81,-0.16,1
-0.74,0.67,1
0.73,-0.04,1
0.63,0.78,1
0.59,0.05,1
-0.17,-0.54,-1
-0.54,-0.74,-1
-0.41,-0.14,1
-0.11,0.94,1
0.65,0.34,1
0.96,-0.35,1
0.38,0.13,1
-0.61,0.82,1
0.8,-0.56,1
-0.96,-0.02,1
-0.23,0.33,1
-0.15,0.34,1
-0.15,0.31,1
-0.09,-0.29,-1
-0.59,0.46,1
0.62,-0.04,1
-0.25,0.93,1
-0.98,-0.62,1
0.66,0.7,1
0.49,0.36,1
-0.31,0.71,1
0.86,0.68,1
-0.57,-0.92,-1
-0.84,0.92,1
0.4,0.77,1
-0.76,0.93,1
-0.77,0.91,1
-0.02,0.85,1
-0.22,0.88,1
-0.66,0.52,1
-0.03,0.07,1
0.22,0.9,1
0.88,-0.25,1
-0.4,0.09,1
-0.91,0.62,1
0.6,0.46,1
0.46,-0.79,-1
-0.85,-0.2,1
0.88,0.39,1
0.32,-0.82,-1
0.5,-0.02,1
0.49,-0.48,-1
-0.96,0.18,1
0.08,-0.07,1
-0.27,0.92,1
0.94,-0.93,-1
-0.65,-0.13,1
0.05,-0.82,-1
-0.2,0.81,1
-0.59,-0.87,-1
-0.11,-0.95,-1
0.98,-0.98,-1
-0.54,1,1
-0.17,0.9,1
-0.96,0.54,1
-0.81,-0.88,-1
0.9,-0.47,1
-0.57,-0.34,-1
0.53,0.15,1
0.98,-0.22,1
0.97,0.88,1
0.12,0.07,1
-0.81,0.76,1
0.42,0.96,1
-0.7,1,1
-0.38,-0.37,-1
-0.04,-0.48,-1
0.84,0.6,1
0.8,0.68,1
0.79,0.56,1
-0.91,0.17,1
0.69,0.58,1
0.93,-0.38,1
-0.04,0.42,1
-0.52,0.59,1
-0.6,-0.95,-1
-0.67,-0.51,-1
0.38,0.63,1
-0.86,0.66,1
-0.33,0.1,1
-0.45,0.37,1
0.95,0.34,1
-0.51,-0.84,-1
0.39,0.37,1
0.38,0.57,1
-0.09,-0.93,-1
0.94,-0.76,1
-0.84,0.14,1
-0.01,0.4,1
0.2,-0.79,-1
0.35,-0.15,-1
-0.95,0.65,1
0.1,0.57,1
-0.07,-0.67,-1
0.95,-0.68,1
0.56,0.03,1
0.78,0.59,1
-0.36,-0.83,-1
0.74,-0.78,-1
0.84,0.88,1
0.35,-0.12,-1
0.87,0.39,1
-0.19,0.72,1
-0.88,-0.32,1
0.94,-0.65,1
-0.76,0.03,1
-0.74,0.47,1
-0.65,0.7,1
-0.43,0.19,1
0.74,-0.49,-1
0.47,-0.71,-1
-0.24,-0.71,-1
-0.84,-0.02,1
0.75,0.73,1
0.5,-0.86,-1
0.26,0.08,1
0.03,-0.3,-1
-0.41,0.83,1
0.64,0.3,1
-0.4,-0.79,-1
0.27,0.48,1
0.33,-0.81,-1
-0.82,-0.34,1
-0.02,0.15,1
0.25,-0.99,-1
0.31,-0.03,1
0.6,0.07,1
-0.11,0.75,1
0.03,0.79,1
-0.46,-0.16,-1
0.6,-0.84,-1
0.58,0.88,1
0.01,0.03,1
-0.85,-0.64,1
-0.38,0.29,1
-0.84,-0.49,1
-0.86,-0.65,1
-0.36,-0.64,-1
-0.22,0.81,1
-0.76,0,1
-0.49,-0.51,-1
0.44,-0.71,-1
0.02,-0.13,-1
0.06,-0.97,-1
-0.67,-0.79,-1
0.13,-0.19,-1
-0.4,-0.75,-1
-0.89,0.68,1
-0.24,-0.74,-1
0.02,-0.17,-1
0.1,0.62,1
-0.92,0.88,1
-0.3,0.33,1
0.96,-0.13,1
0.09,-0.14,-1
-0.09,0.44,1
-0.84,-0.17,1
-0.7,-0.53,1
0.44,0.46,1
-0.18,-0.31,-1
0.58,0.28,1
0.7,0.48,1
0.06,0.25,1
0.16,-0.46,-1
-0.79,-0.02,1
0.9,0.61,1
-0.14,0.6,1
-0.99,-0.28,1
-0.56,0.94,1
0.07,0.28,1
-0.84,0.75,1
0.48,-0.24,-1
0.18,-0.74,-1
-0.61,0.45,1
0.26,-0.43,-1
0.07,0.86,1
-0.57,-0.88,-1
0.86,-0.44,1
0.19,-0.83,-1
-0.04,0.42,1
0.48,-0.12,1
-0.55,0.01,1
0.23,0.15,1
-0.87,0.74,1
-0.07,0.52,1
-0.33,-0.49,-1
-0.26,0.18,1
-0.65,-0.59,-1
-0.86,0.08,1
0.88,-0.62,1
0.5,-0.68,-1
-0.55,-0.01,1
-0.63,-0.68,-1
0.45,-0.12,-1
-0.88,0.53,1
-0.09,0.96,1
0.49,-0.09,1
-0.02,0.03,-1
0.81,0.95,1
0.82,-0.07,1
0.82,-0.98,-1
-0.97,-0.68,1
-0.65,-0.19,1
0.84,-0.5,1
-0.46,-0.37,-1
-0.39,0.69,1
0.44,0.64,1
0.99,-0.9,1
0.51,0.83,1
0.79,-0.5,1
-0.84,-0.03,1
-0.46,0.69,1
0.1,-0.34,-1
0.2,0.22,1
0.83,-0.41,1
-0.16,0.24,1
0.12,-0.03,-1
-0.73,-0.95,-1
0.1,-0.86,-1
0.02,0.92,1
-0.86,0.9,1
-0.47,0.1,1
-0.58,0.61,1
0.89,0.9,1
-0.99,-0.05,1
-0.87,0.22,1
-0.39,-0.29,-1
0.72,-0.5,1
-0.87,0.15,1
0.33,-0.23,-1
-0.06,0.28,1
-0.89,-0.53,1
-0.92,-0.81,1
0.2,-0.05,1
0.67,-0.49,-1
-0.49,-0.5,-1
0.67,-0.94,-1
-0.66,0.61,1
0.89,0.75,1
-0.26,-0.47,-1
-0.25,-0.35,-1
-0.73,-0.62,1
-0.91,-0.14,1
0.07,-0.56,-1
0.23,-0.8,-1
-0.3,-0.16,-1
-0.89,0.32,1
-0.67,-0.77,-1
-0.08,-0.14,-1
0.94,0.84,1
-0.28,0.92,1
0.39,-0.24,-1
-0.44,-0.47,-1
-0.97,-0.71,1
-0.94,0.22,1
0.01,0.36,1
0.22,-0.95,-1
0.31,-0.14,-1
0.42,0.74,1
0.61,-0.44,-1
0.41,0.07,1
-0.62,-0.35,1
0.17,-0.69,-1
0.49,-0.6,-1
0.48,0.51,1
0.78,-0.31,1
0.43,-0.46,-1
0.99,-0.39,1
0.52,0,1
0.77,0.19,1
0.51,0.69,1
0.52,-0.59,-1
-0.57,-0.21,1
-0.08,0.9,1
0.68,-0.26,1
-0.85,-0.47,1
0.87,0.18,1
-0.77,0.08,1
-0.03,0.85,1
0.91,-0.99,-1
0.99,-0.67,1
0.75,-0.43,1
-0.55,-0.25,-1
0.71,-0.24,1
0.71,-0.32,1
0.69,-0.6,-1
0.29,-0.01,1
0.29,-0.29,-1
-0.11,0.75,1
-0.96,0.35,1
0.49,-0.71,-1
0.77,0.11,1
0.11,0.08,1
-0.06,0.49,1
-0.65,-0.69,-1
-0.67,-0.05,1
0.86,0.27,1
-0.62,0.06,1
-0.95,0.19,1
-0.62,0.32,1
0.48,0.61,1
0.8,-0.38,1
0.61,-0.05,1
-0.73,0.33,1
0.56,0.48,1
0.32,-0.22,-1
0.35,-0.86,-1
0.12,-0.39,-1
0.2,-0.12,1
0.96,0.74,1
-0.71,0.47,1
0.11,-0.11,-1
0.43,0.82,1
0.69,0.25,1
-0.36,-0.61,-1
-0.1,0.18,1
-0.68,0.75,1
-0.6,-0.72,-1
0.68,-0.41,1
0.06,-0.29,-1
-0.59,-0.48,-1
0.88,0.33,1
-0.99,-0.86,1
-0.7,0.18,1
0.95,0.62,1
0.76,0.73,1
0.28,0.41,1
0.76,0.6,1
0.7,-0.37,1
-0.65,-0.61,-1
0.63,-0.33,1
0.56,-0.02,1
0.19,0.27,1
-0.43,0.9,1
-0.11,-0.13,-1
-0.08,0.73,1
0.72,-0.69,-1
0.19,0.96,1
0.7,0.29,1
0.75,0.65,1
0.11,0.47,1
-0.91,-0.72,1
0.11,0.44,1
0.27,0.07,1
-0.89,0.01,1
0.04,-0.86,-1
-0.57,-0.55,-1
-0.01,0.68,1
0.2,-0.57,-1
0.07,-0.45,-1
0.58,0.15,1
0.58,0.2,1
0.77,-0.66,1
0.55,0.79,1
-0.65,-0.82,-1
-0.47,-0.11,1
-0.83,-0.44,1
0.8,-0.15,1
0.23,-0.34,-1
-0.24,-0.63,-1
0.04,-0.75,-1
-0.36,0.09,1
-0.62,0.4,1
0.53,0.62,1
0.16,0.04,1
-0.08,0.42,1
0.25,0.17,1
-0.51,-0.02,1
-0.06,-0.04,-1
0.89,-0.52,1
-0.93,1,1
-0.89,0.61,1
0.24,-0.64,-1
-0.65,-0.88,-1
0.27,-0.54,-1
-0.79,-0.29,1
-0.88,0.63,1
-0.42,-0.09,-1
-0.85,-0.07,1
-0.62,-0.14,1
0.63,-0.01,1
-0.47,-0.78,-1
-0.68,0.18,1
-0.56,-0.52,-1
0.84,-0.4,1
0.14,-0.82,-1
-0.99,-0.94,1
0.36,-0.76,-1
0.5,-0.35,-1
0.63,-0.54,-1
0.85,-0.88,-1
-0.48,0.77,1
0.33,-0.22,-1
0.72,-0.87,-1
-0.28,-0.41,-1
-0.6,0.08,1
0.09,0.81,1
0.86,-0.81,-1
-0.45,0.22,1
-0.4,0.8,1
-0.53,-0.45,-1
0.91,0.4,1
-0.76,-0.87,-1
0.54,-0.33,-1
-0.5,-0.61,-1
-0.23,0.6,1
-0.11,0.56,1
0.14,-0.15,-1
-0.41,-0.51,-1
-0.28,0.59,1
-0.4,0.41,1
-0.53,0.69,1
-0.86,0.88,1
-0.23,-0.77,-1
0.27,-0.55,-1
0.22,0.43,1
0.87,-0.36,1
0.35,-0.82,-1
0.94,-0.2,1
0.68,0.44,1
0.48,-0.91,-1
0.25,0.46,1
0.89,0.32,1
0.07,-0.08,-1
0.7,-0.59,-1
0.48,-0.52,-1
0,0.6,1
0.08,0.45,1
-0.48,0.95,1
0.42,0.97,1
-0.16,0.23,1
-0.52,0.65,1
-0.15,-0.21,-1
-0.39,-0.84,-1
0.91,0.64,1
0.19,0.05,1
0.9,-0.65,1
0.91,0.23,1
0.1,0.18,1
-0.88,-0.19,1
0.86,0.45,1
0.99,-0.24,1
-0.73,-0.16,1
0.78,0.8,1
-0.37,-0.61,-1
0.74,-0.4,1
-0.88,0.68,1
-0.86,-0.34,1
0.61,-0.4,1
0.05,0.82,1
-0.71,0.19,1
-0.94,0.22,1
0.74,0.32,1
-0.91,0.99,1
0.27,-0.58,-1
0.91,0.1,1
0.55,-0.5,-1
-0.44,0.27,1
-1,0.67,1
0.82,0.15,1
0.92,-0.23,1
-1,-0.39,1
-0.8,0.45,1
-0.39,-0.54,-1
-0.25,-0.53,-1
-0.85,0.96,1
0.39,0.39,1
-0.74,-0.15,1
-0.54,-0.66,-1
-0.12,0.55,1
0.77,-0.78,-1
0.86,-0.61,1
0.36,-0.47,-1
0.42,0.68,1
0.03,0.3,1
-0.65,0.24,1
-0.46,0.07,1
0.39,0.55,1
0.28,0.52,1
-0.32,-0.78,-1
-0.55,-0.66,-1
-0.87,0.17,1
-0.53,0.59,1
-0.09,-0.78,-1
0.87,0.19,1
0.59,-0.79,-1
0.87,0,1
-0.98,-0.12,1
-0.78,0.93,1
0.82,0.03,1
0.9,-0.78,-1
-0.99,0.79,1
-0.07,-0.96,-1
1,-0.78,1
-0.62,-0.71,-1
0.22,-0.02,1
0.76,0.46,1
-0.62,0.12,1
0.91,0.73,1
-0.63,0.15,1
0.77,-0.18,1
0.51,0.75,1
-0.25,0.95,1
0.1,0.06,1
-0.11,0.93,1
0.01,0.28,1
-0.7,0.23,1
-0.99,0.79,1
-0.14,-0.78,-1
-0.68,1,1
0.03,-0.46,-1
-0.89,-0.75,1
0.56,-0.74,-1
-0.3,-0.05,-1
0.21,0.17,1
1,-0.46,1
0.72,-0.53,-1
0.05,-0.1,-1
-0.47,-0.03,1
-0.2,-0.03,1
0.23,0.53,1
0.68,-0.04,1
-0.82,-0.26,1
0.61,-0.42,-1
0.76,-0.33,1
0.07,0.5,1
-0.24,-1,-1
-0.81,0.29,1
-0.5,-0.46,-1
-0.73,-0.99,-1
0.2,0.09,1
-0.78,0.27,1
0.93,-0.73,1
0.65,-0.37,1
0.1,0.18,1
0.82,-0.68,-1
0.51,-0.46,-1
-0.6,-0.63,-1
-0.8,-0.29,1
-0.07,0.26,1
0.58,0.8,1
0.55,-0.15,1
-0.56,0.57,1
0.98,0.35,1
-0.49,0.72,1
-0.79,-0.29,1
-0.87,0.54,1
-0.06,-0.17,-1
-0.45,-0.65,-1
0.94,-0.59,1
-0.32,-0.49,-1
0.99,-0.98,-1
-0.28,0.89,1
0.25,0.95,1
-0.44,0.49,1
0.77,0.74,1
0.86,0.58,1
0.68,0.25,1
0.93,0.68,1
0,-0.59,-1
0.75,0.31,1
0.47,0.31,1
-0.08,0.24,1
-0.03,0.34,1
0.81,-0.74,-1
-0.25,0.72,1
0.07,-0.14,-1
0.76,0.5,1
-0.93,0.78,1
-0.16,0.42,1
0.01,-0.14,-1
0.86,0.75,1
-0.99,0.59,1
-0.55,-0.5,-1
-0.91,-0.52,1
-0.04,0.57,1
-0.11,-0.72,-1
0.74,0.45,1
-0.91,0.06,1
0.5,0.37,1
0.71,-0.69,-1
-0.72,0.11,1
-0.04,0.6,1
0.8,-0.54,1
-0.25,0.66,1
0.85,0.87,1
-0.59,0.28,1
0.81,0.76,1
0.82,-0.79,-1
0.81,-0.52,1
0.61,0.58,1
-0.57,0.12,1
-0.69,-0.4,-1
0.4,-0.81,-1
-0.92,-0.84,1
0.5,-0.27,-1
0.4,0.64,1
0.95,0.93,1
0.2,-0.46,-1
0.18,-0.56,-1
0.03,0.67,1
-0.58,-0.07,1
0.59,-0.13,1
0.13,0.54,1
0.7,-0.19,1
0.09,0.49,1
0.62,0.93,1
-0.66,-0.93,-1
-0.2,-0.39,-1
-0.22,0.03,1
-0.29,-0.16,-1
0.32,0.69,1
0.89,0.26,1
0.7,-0.67,-1
0.76,-0.85,-1
0.57,-0.65,-1
-0.95,0.42,1
0.33,-0.5,-1
-0.7,-0.89,-1
0.75,-0.47,1
-0.39,-0.85,-1
1,-0.75,1
-0.93,-0.69,1
-0.19,-0.48,-1
0.88,-0.91,-1
-0.51,-0.27,1
0.67,-0.11,1
0.31,-0.31,-1
-0.28,0.14,1
0.36,0.59,1
0.39,-0.55,-1
-0.01,-0.52,-1
0.28,0.46,1
-0.43,0.9,1
0.19,0.57,1
-0.95,0.68,1
0.46,-0.21,-1
0.3,0.92,1
0.3,0.39,1
-0.32,-0.63,-1
0.12,0.62,1
-0.06,0.48,1
0.77,-0.78,-1
-0.83,-0.85,-1
0.74,1,1
-0.27,0.22,1
-0.4,-0.14,-1
0.73,0.46,1
0.06,-0.52,-1
-0.12,0.5,1
0.15,0.9,1
0.19,-0.02,-1
0.78,0.85,1
0.47,-0.29,-1
-0.5,-0.18,1
0.05,0.99,1
0.72,0.77,1
-0.1,0.6,1
-0.07,0.4,1
-0.3,0.37,1
0.32,-0.31,-1
-0.46,0.31,1
-0.24,0.57,1
-0.88,0,1
0.83,-0.89,-1
0.18,-0.82,-1
0.42,0.91,1
-0.35,0.39,1
0.46,0.98,1
-0.24,0.93,1
-0.4,0.64,1
-0.93,-0.26,1
0.83,0,1
-0.3,0.81,1
0.87,-0.79,1
-0.48,-0.55,-1
-0.7,-0.39,1
0.17,-0.77,-1
-0.66,-0.66,-1
0.64,-0.17,1
0.19,0.1,1
-0.89,0.07,1
0.67,0.8,1
-0.54,-0.94,-1
0.87,-0.05,1
0.03,-0.34,-1
-0.52,0.21,1
-0.14,-0.62,-1